+79221952792
+79827342737
+79826208949
+79826767067
+79826544728
+79676391852
+79655282288
+74551452222
+79638531242
+79630523326
+77787982656
+79538224144
+79527416564
+79505601366
+79381107110
+79292120106
+79222262981
+79222022949
+79220350893
+79220326969
+79222972742
+79193945169
+79126631396
+79126631396
+79126269445
+78912625919
+79122252705
+79122916678
+79090240652
+79090057107
+79086329333
+79080661563
+79080402299
+79068085213
+79024420002
+79024420002
+79022630640
+79022614220
+79002115181
+79001983083
+79000434469
+78634431291
+78007550555
+79502024456
+79221010113
+79126293233
+79002014689
+73432887833
+73432865713
+73432077773
+73432074411
+73432019454
+79824532233
+79521388100
+79506461032
+79506363222
+79506363222
+79292227488
+79041767997
+79041617943
+78002345232
+73433612061
+79221600254
+73433834905
+73432862888
+73433618262
+79961890560
+79920000549
+79826558606
+79221991716
+79122062888
+79024498185
+79021559393
+73433614661
+73432876393
+73432865713
+73432194343
+73432018084
+73432015848
+73432002425
+73432000941
+79826922277
+79826319100
+79617710412
+79506448026
+79502093785
+79221016723
+79024478332
+79022627518
+79011509699
+73433555551
+79068096568
+73433861608
+73433282411
+73433280717
+73432786006
+73432283744
+79193764387
+79226050234
+73512200002
+73432566666
+73432191917
+73432000131
+73433820420
+73433612858
+73432902332
+73432897279
+73432874395
+73432010701
+73432002620
+79030798636
+73432231359
+71452222220
+79995595888
+79961746716
+79920085462
+79920011307
+79871349631
+79871349631
+79827638123
+79827472999
+79827174525
+79826948688
+79826629474
+79826610658
+79826353339
+79826322152
+79826128802
+79667020592
+79655272524
+79655183846
+79655101999
+79655099996
+79655010503
+79634481031
+79630536607
+79536059394
+79530531386
+79530500555
+79530498026
+79527287542
+79521315687
+79506552311
+79506516800
+79505473738
+79502131118
+79501975674
+79326040101
+79227410510
+79226018464
+79226000477
+79222295403
+79222233222
+79221965000
+79221952844
+79221928989
+79221915718
+79221886896
+79221884324
+79221835151
+79221814661
+79221792238
+79221706335
+79221310986
+79221283968
+79221279136
+79221219931
+79221138464
+79221053818
+79220382007
+79220375920
+79193834813
+79126918153
+79126877538
+79126695972
+79126682832
+79126666404
+79126652540
+79126414138
+79126211413
+79126169103
+79126110526
+79126061403
+79126044861
+79122588357
+79122540255
+79122378923
+79122191651
+79122105804
+79120342432
+79120306022
+79112233445
+79112233445
+79090208346
+79090037111
+79090005253
+79090005253
+79089039541
+79045460825
+79045424454
+79043861359
+79030863222
+79028780773
+79024481912
+79024443961
+79022764510
+79014545052
+79002099401
+79001982418
+79000456555
+79000455495
+79000434469
+79000000000
+78007076878
+77776777777
+77773270404
+77473477887
+79961765620
+79920120044
+79827545184
+79827325458
+79826948077
+79826891197
+79826891187
+79826767067
+79826038282
+79655218660
+79655153815
+79630816155
+79533858505
+79530087587
+79530007437
+79530002662
+79527269726
+79521468084
+79521434040
+79521399186
+79518015511
+79506554335
+79506540025
+79321286978
+79321278481
+79321168308
+79222019332
+79221929659
+79221882411
+79221818262
+79221811003
+79221613208
+79221452515
+79221306942
+79221010113
+79220788587
+79220717380
+79220334564
+79220314222
+79180684806
+79180684806
+79126955717
+79126877138
+79126603303
+79126228899
+79126058592
+79120629111
+79120480511
+79110060654
+79090701456
+79090019583
+79090015004
+79089146715
+79089081413
+79058051053
+79045484734
+79043872587
+79043819603
+79041707352
+79041683093
+79028749487
+79025099943
+79022792555
+79002052520
+73432693939
+73432191912
+76447996555
+79920031712
+79826666645
+79536014444
+79126527857
+79126260737
+78953648881
+71709999286
+79012011236
